0.00950336 0.00006905
0.04751682 0.00033990
0.08553027 -0.00018577
0.12354372 0.00021370
0.16155718 0.00024096
0.19957063 0.00014903
0.23758408 0.00004406
0.27559754 0.00027800
0.31361099 0.00038906
0.35162444 0.00012921
0.38963790 0.00003822
0.42765135 0.00023195
0.46566480 0.00016403
0.50367826 0.00038877
0.54169171 0.00048655
0.57970516 0.00031274
0.61771862 0.00031829
0.65573207 0.00045000
0.69374552 0.00041081
0.73175898 0.00025329
0.76977243 0.00008916
0.80778588 0.00022055
0.84579933 0.00024058
0.88381279 0.00038792
0.92182624 0.00022846
0.95983969 0.00013422
0.99785315 0.00033688
1.03586660 0.00037572
1.07388005 0.00017228
1.11189351 0.00037661
1.14990696 0.00021257
1.18792041 0.00024599
1.22593387 0.00029071
1.26394732 0.00029311
1.30196077 0.00027491
1.33997423 0.00043909
1.37798768 0.00035022
1.41600113 0.00026379
1.45401459 0.00012979
1.49202804 0.00048517
1.53004149 0.00019826
1.56805495 0.00012386
1.60606840 0.00019525
1.64408185 0.00021934
1.68209531 0.00022463
1.72010876 0.00013115
1.75812221 0.00016141
1.79613567 0.00009664
1.83414912 0.00022893
1.87216257 0.00019671
1.91017603 0.00015488
1.94818948 0.00016989
1.98620293 0.00032448
2.02421639 0.00025945
2.06222984 0.00032772
2.10024329 0.00029528
2.13825675 0.00023058
2.17627020 0.00032365
2.21428365 0.00016918
2.25229711 0.00028928
2.29031056 0.00021488
2.32832401 0.00011619
2.36633747 0.00020070
2.40435092 0.00016679
2.44236437 0.00032265
2.48037783 0.00000229
2.51839128 0.00000972
2.55640473 -0.00008523
2.59441818 0.00017862
2.63243164 0.00007756
2.67044509 -0.00009270
2.70845854 0.00005622
2.74647200 0.00002935
2.78448545 -0.00002720
2.82249890 -0.00003111
2.86051236 0.00006795
2.89852581 0.00009017
2.93653926 0.00025462
2.97455272 0.00009407
3.01256617 0.00006567
3.05057962 -0.00011291
3.08859308 -0.00006515
3.12660653 0.00002406
3.16461998 0.00006855
3.20263344 0.00029117
3.24064689 0.00002179
3.27866034 -0.00004404
3.31667380 0.00015106
3.35468725 0.00018714
3.39270070 0.00012941
3.43071416 -0.00010901
3.46872761 0.00006382
3.50674106 -0.00006907
3.54475452 0.00013764
3.58276797 -0.00010905
3.62078142 0.00005540
3.65879488 -0.00015920
3.69680833 -0.00023805
3.73482178 -0.00027864
3.77283524 -0.00014795
3.81084869 -0.00012351
3.84886214 -0.00007951
3.88687560 -0.00002637
3.92488905 -0.00014598
3.96290250 0.00010338
4.00091596 -0.00002023
4.03892941 0.00004629
4.07694286 0.00025131
4.11495632 0.00038463
4.15296977 0.00044292
4.19098322 0.00063211
4.22899667 0.00059238
4.26701013 0.00092815
4.30502358 0.00062543
4.34303703 0.00080930
4.38105049 0.00074109
4.41906394 0.00097430
4.45707739 0.00124280
4.49509085 0.00114787
4.53310430 0.00099205
4.57111775 0.00109813
4.60913121 0.00110936
4.64714466 0.00128027
4.68515811 0.00137888
4.72317157 0.00130388
4.76118502 0.00135372
4.79919847 0.00137289
4.83721193 0.00148397
4.87522538 0.00160813
4.91323883 0.00169246
4.95125229 0.00199757
4.98926574 0.00200327
5.02727919 0.00241255
5.06529265 0.00278859
5.10330610 0.00287261
5.14131955 0.00338656
5.17933301 0.00391095
5.21734646 0.00430995
5.25535991 0.00474333
5.29337337 0.00532800
5.33138682 0.00595900
5.36940027 0.00706899
5.40741373 0.00771393
5.44542718 0.00851133
5.48344063 0.00964026
5.52145409 0.01079070
5.55946754 0.01175558
5.59748099 0.01333181
5.63549445 0.01453324
5.67350790 0.01527693
5.71152135 0.01697360
5.74953481 0.01872280
5.78754826 0.02027895
5.82556171 0.02138976
5.86357516 0.02310298
5.90158862 0.02505772
5.93960207 0.02629657
5.97761552 0.02751179
6.01562898 0.02957500
6.05364243 0.03129688
6.09165588 0.03300956
6.12966934 0.03490648
6.16768279 0.03680864
6.20569624 0.03863714
6.24370970 0.04040460
6.28172315 0.04252770
6.31973660 0.04415685
6.35775006 0.04601834
6.39576351 0.04733587
6.43377696 0.04889237
6.47179042 0.05009521
6.50980387 0.05161138
6.54781732 0.05242080
6.58583078 0.05301452
6.62384423 0.05326667
6.66185768 0.05312348
6.69987114 0.05325407
6.73788459 0.05336137
6.77589804 0.05277522
6.81391150 0.05186123
6.85192495 0.05014697
6.88993840 0.04811555
6.92795186 0.04526353
6.96596531 0.04285584
7.00397876 0.03905528
7.04199222 0.03505044
7.08000567 0.03023706
7.11801912 0.02619054
7.15603258 0.02139190
7.19404603 0.01568190
7.23205948 0.01000889
7.27007294 0.00352322
7.30808639 -0.00361654
7.34609984 -0.01046014
7.38411330 -0.01808043
7.42212675 -0.02723147
7.46014020 -0.03610595
7.49815366 -0.04554316
7.53616711 -0.05484821
7.57418056 -0.06571227
7.61219401 -0.07681755
7.65020747 -0.08914834
7.68822092 -0.10173046
7.72623437 -0.11321305
7.76424783 -0.12641421
7.80226128 -0.13916457
7.84027473 -0.15305767
7.87828819 -0.16758996
7.91630164 -0.18364303
7.95431509 -0.19834066
7.99232855 -0.21209612
8.03034200 -0.22687873
8.06835545 -0.24035032
8.10636891 -0.25467674
8.14438236 -0.26978071
8.18239581 -0.28488970
8.22040927 -0.29508973
8.25842272 -0.30087838
8.29643617 -0.30454325
8.33444963 -0.30592914
8.37246308 -0.30720022
8.41047653 -0.30534865
8.44848999 -0.29623459
8.48650344 -0.27987809
8.52451689 -0.25921952
8.56253035 -0.23586589
8.60054380 -0.20734327
8.63855725 -0.17453279
8.67657071 -0.13606648
8.71458416 -0.09450379
8.75259761 -0.05034589
8.79061107 -0.00505500
8.82862452 0.04019417
8.86663797 0.08574959
8.90465143 0.12713964
8.94266488 0.16803100
8.98067833 0.20574819
9.01869179 0.23891103
9.05670524 0.26886716
9.09471869 0.29289507
9.13273215 0.30969339
9.17074560 0.32193779
9.20875905 0.33055291
9.24677250 0.33328577
9.28478596 0.32832509
9.32279941 0.31769524
9.36081286 0.30608770
9.39882632 0.28934470
9.43683977 0.26969385
9.47485322 0.24423372
9.51286668 0.21775376
9.55088013 0.18821431
9.58889358 0.15884317
9.62690704 0.13011881
9.66492049 0.10092292
9.70293394 0.07298497
9.74094740 0.04770020
9.77896085 0.02504799
9.81697430 0.00527606
9.85498776 -0.01279732
9.89300121 -0.02894355
9.93101466 -0.04299536
9.96902812 -0.05225959
10.00704157 -0.05751839
10.04505502 -0.05965120
10.08306848 -0.05979163
10.12108193 -0.05747116
10.15909538 -0.05154172
10.19710884 -0.04519984
10.23512229 -0.03770007
10.27313574 -0.02877687
10.31114920 -0.02058406
10.34916265 -0.01195223
10.38717610 -0.00336508
10.42518956 0.00383236
10.46320301 0.01024172
10.50121646 0.01537862
10.53922992 0.01995692
10.57724337 0.02226299
10.61525682 0.02377450
10.65327028 0.02355627
10.69128373 0.02248233
10.72929718 0.02035675
10.76731064 0.01750347
10.80532409 0.01411638
10.84333754 0.01014780
10.88135099 0.00616443
10.91936445 0.00125367
10.95737790 -0.00291205
10.99539135 -0.00741941
11.03340481 -0.01105579
11.07141826 -0.01464475
11.10943171 -0.01710280
11.14744517 -0.01935144
11.18545862 -0.02068504
11.22347207 -0.02130014
11.26148553 -0.02170249
11.29949898 -0.02102648
11.33751243 -0.02035278
11.37552589 -0.01907151
11.41353934 -0.01784827
11.45155279 -0.01616301
11.48956625 -0.01467822
11.52757970 -0.01320386
11.56559315 -0.01169609
11.60360661 -0.01040688
11.64162006 -0.00944534
11.67963351 -0.00878412
11.71764697 -0.00787804
11.75566042 -0.00746398
11.79367387 -0.00709352
11.83168733 -0.00695375
11.86970078 -0.00650712
11.90771423 -0.00630022
11.94572769 -0.00606355
11.98374114 -0.00567557
12.02175459 -0.00534679
12.05976805 -0.00501541
12.09778150 -0.00448764
12.13579495 -0.00399363
12.17380841 -0.00360675
12.21182186 -0.00306840
12.24983531 -0.00298307
12.28784877 -0.00256107
12.32586222 -0.00231364
12.36387567 -0.00219067
12.40188913 -0.00223377
12.43990258 -0.00224601
12.47791603 -0.00250510
12.51592949 -0.00253597
12.55394294 -0.00290641
12.59195639 -0.00290224
12.62996984 -0.00315161
12.66798330 -0.00367083
12.70599675 -0.00371295
12.74401020 -0.00403824
12.78202366 -0.00408855
12.82003711 -0.00419279
12.85805056 -0.00421509
12.89606402 -0.00431308
12.93407747 -0.00440977
12.97209092 -0.00463047
13.01010438 -0.00463518
13.04811783 -0.00463544
13.08613128 -0.00456452
13.12414474 -0.00450066
13.16215819 -0.00437285
13.20017164 -0.00397856
13.23818510 -0.00392275
13.27619855 -0.00350873
13.31421200 -0.00347639
13.35222546 -0.00304526
13.39023891 -0.00267150
13.42825236 -0.00240504
13.46626582 -0.00228523
13.50427927 -0.00162162
13.54229272 -0.00141211
13.58030618 -0.00086219
13.61831963 -0.00059135
13.65633308 0.00011466
13.69434654 0.00065763
13.73235999 0.00118459
13.77037344 0.00187773
13.80838690 0.00240439
13.84640035 0.00312243
13.88441380 0.00346266
13.92242726 0.00400868
13.96044071 0.00429558
13.99845416 0.00463530
14.03646762 0.00482838
14.07448107 0.00480739
14.11249452 0.00457357
14.15050798 0.00397236
14.18852143 0.00344139
14.22653488 0.00280173
14.26454833 0.00203815
14.30256179 0.00076339
14.34057524 -0.00004068
14.37858869 -0.00108450
14.41660215 -0.00233936
14.45461560 -0.00290334
14.49262905 -0.00381036
14.53064251 -0.00423067
14.56865596 -0.00449962
14.60666941 -0.00473833
14.64468287 -0.00489098
14.68269632 -0.00460466
14.72070977 -0.00408690
14.75872323 -0.00347507
14.79673668 -0.00304799
14.83475013 -0.00217410
14.87276359 -0.00178643
14.91077704 -0.00104169
14.94879049 -0.00036975
14.98680395 0.00020648
15.02481740 0.00078739
15.06283085 0.00106574
15.10084431 0.00114005
15.13885776 0.00124848
15.17687121 0.00086432
15.21488467 0.00082315
15.25289812 0.00041564
15.29091157 -0.00028839
15.32892503 -0.00048759
15.36693848 -0.00118416
15.40495193 -0.00166844
15.44296539 -0.00221792
15.48097884 -0.00267200
15.51899229 -0.00297618
15.55700575 -0.00334582
15.59501920 -0.00310795
15.63303265 -0.00353148
15.67104611 -0.00343766
15.70905956 -0.00327406
15.74707301 -0.00302097
15.78508647 -0.00250881
15.82309992 -0.00209697
15.86111337 -0.00176834
15.89912683 -0.00111060
15.93714028 -0.00082281
15.97515373 -0.00036871
16.01316718 -0.00020677
16.05118064 0.00020238
16.08919409 0.00035476
16.12720754 0.00093809
16.16522100 0.00082523
16.20323445 0.00076805
16.24124790 0.00109958
16.27926136 0.00111479
16.31727481 0.00112770
16.35528826 0.00102164
16.39330172 0.00112852
16.43131517 0.00110026
16.46932862 0.00093831
16.50734208 0.00097373
16.54535553 0.00087583
16.58336898 0.00112506
16.62138244 0.00091350
16.65939589 0.00076831
16.69740934 0.00088096
16.73542280 0.00085802
16.77343625 0.00076283
16.81144970 0.00023733
16.84946316 0.00005182
16.88747661 -0.00028205
16.92549006 -0.00054021
16.96350352 -0.00120558
17.00151697 -0.00160798
17.03953042 -0.00150166
17.07754388 -0.00232102
17.11555733 -0.00269050
17.15357078 -0.00291805
17.19158424 -0.00287459
17.22959769 -0.00255605
17.26761114 -0.00289354
17.30562460 -0.00274725
17.34363805 -0.00276585
17.38165150 -0.00239301
17.41966496 -0.00201277
17.45767841 -0.00166076
17.49569186 -0.00119708
17.53370532 -0.00112159
17.57171877 -0.00064332
17.60973222 -0.00057518
17.64774567 -0.00024614
17.68575913 -0.00027181
17.72377258 -0.00025917
17.76178603 -0.00013367
17.79979949 -0.00022266
17.83781294 -0.00037059
17.87582639 -0.00042729
17.91383985 -0.00072378
17.95185330 -0.00051186
17.98986675 -0.00125120
18.02788021 -0.00123954
18.06589366 -0.00101021
18.10390711 -0.00114539
18.14192057 -0.00136818
18.17993402 -0.00130031
18.21794747 -0.00094321
18.25596093 -0.00084075
18.29397438 -0.00094866
18.33198783 -0.00055518
18.37000129 -0.00037158
18.40801474 -0.00032056
18.44602819 -0.00041930
18.48404165 0.00006038
18.52205510 -0.00009958
18.56006855 -0.00045833
18.59808201 -0.00023159
18.63609546 -0.00020486
18.67410891 -0.00045687
18.71212237 -0.00074994
18.75013582 -0.00102272
18.78814927 -0.00075267
18.82616273 -0.00096829
18.86417618 -0.00090642
18.90218963 -0.00103902
18.94020309 -0.00053630
18.97821654 -0.00092477
19.01622999 -0.00054060
19.05424345 -0.00049814
19.09225690 -0.00016385
19.13027035 -0.00011474
19.16828381 0.00063174
19.20629726 0.00074908
19.24431071 0.00088768
19.28232416 0.00111582
19.32033762 0.00121330
19.35835107 0.00140231
19.39636452 0.00129806
19.43437798 0.00125049
19.47239143 0.00131047
19.51040488 0.00074084
19.54841834 0.00083373
19.58643179 0.00010261
19.62444524 -0.00011453
19.66245870 -0.00025553
19.70047215 -0.00112956
19.73848560 -0.00119218
19.77649906 -0.00164698
19.81451251 -0.00181941
19.85252596 -0.00222774
19.89053942 -0.00224594
19.92855287 -0.00214613
19.96656632 -0.00221267
20.00457978 -0.00200056
20.04259323 -0.00188542
20.08060668 -0.00156702
20.11862014 -0.00125016
20.15663359 -0.00091666
20.19464704 -0.00050744
20.23266050 -0.00029422
20.27067395 0.00017442
20.30868740 0.00034868
20.34670086 0.00067975
20.38471431 0.00072504
20.42272776 0.00077199
20.46074122 0.00072885
20.49875467 0.00097531
20.53676812 0.00077572
20.57478158 0.00083656
20.61279503 0.00054331
20.65080848 0.00052877
20.68882194 0.00019930
20.72683539 0.00007019
20.76484884 -0.00021406
20.80286230 -0.00060171
20.84087575 -0.00049866
20.87888920 -0.00071983
20.91690266 -0.00070470
20.95491611 -0.00047756
20.99292956 -0.00070148
21.03094301 -0.00050805
21.06895647 -0.00012313
21.10696992 0.00034640
21.14498337 0.00021061
21.18299683 0.00009022
21.22101028 0.00064296
21.25902373 0.00059421
21.29703719 0.00066836
21.33505064 0.00050569
21.37306409 0.00042407
21.41107755 0.00063320
21.44909100 0.00063355
21.48710445 0.00026786
21.52511791 0.00023131
21.56313136 0.00020982
21.60114481 -0.00002936
21.63915827 0.00000725
21.67717172 0.00029595
21.71518517 0.00033568
21.75319863 0.00038453
21.79121208 0.00083359
21.82922553 0.00093369
21.86723899 0.00106198
21.90525244 0.00126391
21.94326589 0.00149055
21.98127935 0.00151079
22.01929280 0.00188630
22.05730625 0.00189616
22.09531971 0.00198871
22.13333316 0.00217002
22.17134661 0.00213740
22.20936007 0.00197851
22.24737352 0.00172509
22.28538697 0.00185090
22.32340043 0.00162878
22.36141388 0.00108954
22.39942733 0.00107686
22.43744079 0.00045591
22.47545424 0.00026115
22.51346769 -0.00019908
22.55148115 -0.00056325
22.58949460 -0.00113643
22.62750805 -0.00155774
22.66552150 -0.00167030
22.70353496 -0.00144810
22.74154841 -0.00173730
22.77956186 -0.00197253
