0.00950336 0.00219914
0.04751682 -0.00668434
0.08553027 -0.01576337
0.12354372 -0.02485565
0.16155718 -0.03377179
0.19957063 -0.04231908
0.23758408 -0.05030541
0.27559754 -0.05754335
0.31361099 -0.06385431
0.35162444 -0.06907258
0.38963790 -0.07304935
0.42765135 -0.07565643
0.46566480 -0.07678971
0.50367826 -0.07637224
0.54169171 -0.07435682
0.57970516 -0.07072803
0.61771862 -0.06550375
0.65573207 -0.05873593
0.69374552 -0.05051070
0.73175898 -0.04094777
0.76977243 -0.03019911
0.80778588 -0.01844686
0.84579933 -0.00590053
0.88381279 0.00720642
0.92182624 0.02062068
0.95983969 0.03407376
0.99785315 0.04728709
1.03586660 0.05997753
1.07388005 0.07186322
1.11189351 0.08266950
1.14990696 0.09213494
1.18792041 0.10001735
1.22593387 0.10609942
1.26394732 0.11019420
1.30196077 0.11215002
1.33997423 0.11185485
1.37798768 0.10923998
1.41600113 0.10428288
1.45401459 0.09700920
1.49202804 0.08749383
1.53004149 0.07586090
1.56805495 0.06228282
1.60606840 0.04697818
1.64408185 0.03020868
1.68209531 0.01227501
1.72010876 -0.00648818
1.75812221 -0.02571829
1.79613567 -0.04503141
1.83414912 -0.06402973
1.87216257 -0.08230946
1.91017603 -0.09946911
1.94818948 -0.11511794
1.98620293 -0.12888453
2.02421639 -0.14042516
2.06222984 -0.14943184
2.10024329 -0.15563991
2.13825675 -0.15883486
2.17627020 -0.15885840
2.21428365 -0.15561346
2.25229711 -0.14906809
2.29031056 -0.13925807
2.32832401 -0.12628822
2.36633747 -0.11033226
2.40435092 -0.09163121
2.44236437 -0.07049037
2.48037783 -0.04727479
2.51839128 -0.02240345
2.55640473 0.00365802
2.59441818 0.03040563
2.63243164 0.05730650
2.67044509 0.08380916
2.70845854 0.10935455
2.74647200 0.13338748
2.78448545 0.15536834
2.82249890 0.17478484
2.86051236 0.19116349
2.89852581 0.20408051
2.93653926 0.21317220
2.97455272 0.21814408
3.01256617 0.21877906
3.05057962 0.21494406
3.08859308 0.20659511
3.12660653 0.19378070
3.16461998 0.17664331
3.20263344 0.15541895
3.24064689 0.13043481
3.27866034 0.10210482
3.31667380 0.07092338
3.35468725 0.03745721
3.39270070 0.00233537
3.43071416 -0.03376215
3.46872761 -0.07011725
3.50674106 -0.10598778
3.54475452 -0.14062231
3.58276797 -0.17327555
3.62078142 -0.20322409
3.65879488 -0.22978199
3.69680833 -0.25231602
3.73482178 -0.27026023
3.77283524 -0.28312937
3.81084869 -0.29053108
3.84886214 -0.29217632
3.88687560 -0.28788803
3.92488905 -0.27760751
3.96290250 -0.26139860
4.00091596 -0.23944934
4.03892941 -0.21207108
4.07694286 -0.17969499
4.11495632 -0.14286598
4.15296977 -0.10223411
4.19098322 -0.05854355
4.22899667 -0.01261936
4.26701013 0.03464777
4.30502358 0.08231843
4.34303703 0.12942298
4.38105049 0.17498094
4.41906394 0.21802109
4.45707739 0.25760191
4.49509085 0.29283181
4.53310430 0.32288874
4.57111775 0.34703889
4.60913121 0.36465388
4.64714466 0.37522616
4.68515811 0.37838227
4.72317157 0.37389351
4.76118502 0.36168387
4.79919847 0.34183500
4.83721193 0.31458786
4.87522538 0.28034124
4.91323883 0.23964680
4.95125229 0.19320096
4.98926574 0.14183349
5.02727919 0.08649313
5.06529265 0.02823038
5.10330610 -0.03182209
5.14131955 -0.09247127
5.17933301 -0.15248731
5.21734646 -0.21062816
5.25535991 -0.26566520
5.29337337 -0.31640885
5.33138682 -0.36173404
5.36940027 -0.40060483
5.40741373 -0.43209760
5.44542718 -0.45542240
5.48344063 -0.46994194
5.52145409 -0.47518775
5.55946754 -0.47087316
5.59748099 -0.45690270
5.63549445 -0.43337773
5.67350790 -0.40059814
5.71152135 -0.35905980
5.74953481 -0.30944799
5.78754826 -0.25262683
5.82556171 -0.18962458
5.86357516 -0.12161548
5.90158862 -0.04989807
5.93960207 0.02412934
5.97761552 0.09899589
6.01562898 0.17318721
6.05364243 0.24517595
6.09165588 0.31345315
6.12966934 0.37655979
6.16768279 0.43311767
6.20569624 0.48185944
6.24370970 0.52165657
6.28172315 0.55154504
6.31973660 0.57074808
6.35775006 0.57869529
6.39576351 0.57503784
6.43377696 0.55965938
6.47179042 0.53268219
6.50980387 0.49446857
6.54781732 0.44561720
6.58583078 0.38695454
6.62384423 0.31952150
6.66185768 0.24455517
6.69987114 0.16346647
6.73788459 0.07781374
6.77589804 -0.01072722
6.81391150 -0.10039590
6.85192495 -0.18938202
6.88993840 -0.27586224
6.92795186 -0.35803752
6.96596531 -0.43417049
7.00397876 -0.50262233
7.04199222 -0.56188785
7.08000567 -0.61062844
7.11801912 -0.64770210
7.15603258 -0.67218973
7.19404603 -0.68341713
7.23205948 -0.68097234
7.27007294 -0.66471774
7.30808639 -0.63479658
7.34609984 -0.59163387
7.38411330 -0.53593132
7.42212675 -0.46865668
7.46014020 -0.39102717
7.49815366 -0.30448772
7.53616711 -0.21068425
7.57418056 -0.11143217
7.61219401 -0.00868129
7.65020747 0.09552271
7.68822092 0.19907904
7.72623437 0.29987456
7.76424783 0.39582698
7.80226128 0.48492804
7.84027473 0.56528580
7.87828819 0.63516490
7.91630164 0.69302396
7.95431509 0.73754967
7.99232855 0.76768631
8.03034200 0.78266035
8.06835545 0.78199952
8.10636891 0.76554586
8.14438236 0.73346235
8.18239581 0.68623303
8.22040927 0.62465647
8.25842272 0.54983272
8.29643617 0.46314376
8.33444963 0.36622803
8.37246308 0.26094945
8.41047653 0.14936128
8.44848999 0.03366586
8.48650344 -0.08382905
8.52451689 -0.20075686
8.56253035 -0.31474003
8.60054380 -0.42343875
8.63855725 -0.52459950
8.67657071 -0.61610197
8.71458416 -0.69600376
8.75259761 -0.76258197
8.79061107 -0.81437041
8.82862452 -0.85019185
8.86663797 -0.86918479
8.90465143 -0.87082368
8.94266488 -0.85493255
8.98067833 -0.82169145
9.01869179 -0.77163562
9.05670524 -0.70564739
9.09471869 -0.62494069
9.13273215 -0.53103877
9.17074560 -0.42574534
9.20875905 -0.31110956
9.24677250 -0.18938592
9.28478596 -0.06298940
9.32279941 0.06555271
9.36081286 0.19365208
9.39882632 0.31871185
9.43683977 0.43817970
9.47485322 0.54960063
9.51286668 0.65066784
9.55088013 0.73927078
9.58889358 0.81353982
9.62690704 0.87188593
9.66492049 0.91303481
9.70293394 0.93605500
9.74094740 0.94037879
9.77896085 0.92581591
9.81697430 0.89255950
9.85498776 0.84118419
9.89300121 0.77263638
9.93101466 0.68821664
9.96902812 0.58955493
10.00704157 0.47857890
10.04505502 0.35747565
10.08306848 0.22864831
10.12108193 0.09466784
10.15909538 -0.04177899
10.19710884 -0.17794398
10.23512229 -0.31107342
10.27313574 -0.43846460
10.31114920 -0.55752117
10.34916265 -0.66580656
10.38717610 -0.76109463
10.42518956 -0.84141578
10.46320301 -0.90509809
10.50121646 -0.95080255
10.53922992 -0.97755148
10.57724337 -0.98474953
10.61525682 -0.97219704
10.65327028 -0.94009517
10.69128373 -0.88904286
10.72929718 -0.82002557
10.76731064 -0.73439605
10.80532409 -0.63384762
10.84333754 -0.52038013
10.88135099 -0.39625985
10.91936445 -0.26397353
10.95737790 -0.12617822
10.99539135 0.01435305
11.03340481 0.15478758
11.07141826 0.29229069
11.10943171 0.42408385
11.14744517 0.54750141
11.18545862 0.66004504
11.22347207 0.75943509
11.26148553 0.84365728
11.29949898 0.91100391
11.33751243 0.96010903
11.37552589 0.98997641
11.41353934 1.00000000
11.45155279 0.98997641
11.48956625 0.96010903
11.52757970 0.91100391
11.56559315 0.84365728
11.60360661 0.75943509
11.64162006 0.66004504
11.67963351 0.54750141
11.71764697 0.42408385
11.75566042 0.29229069
11.79367387 0.15478758
11.83168733 0.01435305
11.86970078 -0.12617822
11.90771423 -0.26397353
11.94572769 -0.39625985
11.98374114 -0.52038013
12.02175459 -0.63384762
12.05976805 -0.73439608
12.09778150 -0.82002557
12.13579495 -0.88904286
12.17380841 -0.94009518
12.21182186 -0.97219704
12.24983531 -0.98474953
12.28784877 -0.97755147
12.32586222 -0.95080255
12.36387567 -0.90509809
12.40188913 -0.84141577
12.43990258 -0.76109463
12.47791603 -0.66580656
12.51592949 -0.55752114
12.55394294 -0.43846460
12.59195639 -0.31107342
12.62996984 -0.17794398
12.66798330 -0.04177899
12.70599675 0.09466784
12.74401020 0.22864831
12.78202366 0.35747565
12.82003711 0.47857890
12.85805056 0.58955493
12.89606402 0.68821664
12.93407747 0.77263638
12.97209092 0.84118419
13.01010438 0.89255950
13.04811783 0.92581591
13.08613128 0.94037879
13.12414474 0.93605500
13.16215819 0.91303481
13.20017164 0.87188593
13.23818510 0.81353982
13.27619855 0.73927078
13.31421200 0.65066784
13.35222546 0.54960063
13.39023891 0.43817970
13.42825236 0.31871185
13.46626582 0.19365208
13.50427927 0.06555271
13.54229272 -0.06298940
13.58030618 -0.18938592
13.61831963 -0.31110956
13.65633308 -0.42574534
13.69434654 -0.53103880
13.73235999 -0.62494069
13.77037344 -0.70564739
13.80838690 -0.77163563
13.84640035 -0.82169145
13.88441380 -0.85493255
13.92242726 -0.87082368
13.96044071 -0.86918479
13.99845416 -0.85019185
14.03646762 -0.81437039
14.07448107 -0.76258197
14.11249452 -0.69600376
14.15050798 -0.61610194
14.18852143 -0.52459950
14.22653488 -0.42343875
14.26454833 -0.31474003
14.30256179 -0.20075686
14.34057524 -0.08382905
14.37858869 0.03366586
14.41660215 0.14936128
14.45461560 0.26094945
14.49262905 0.36622803
14.53064251 0.46314376
14.56865596 0.54983272
14.60666941 0.62465647
14.64468287 0.68623303
14.68269632 0.73346235
14.72070977 0.76554586
14.75872323 0.78199952
14.79673668 0.78266035
14.83475013 0.76768631
14.87276359 0.73754967
14.91077704 0.69302396
14.94879049 0.63516490
14.98680395 0.56528580
15.02481740 0.48492804
15.06283085 0.39582698
15.10084431 0.29987456
15.13885776 0.19907904
15.17687121 0.09552271
15.21488467 -0.00868129
15.25289812 -0.11143217
15.29091157 -0.21068425
15.32892503 -0.30448775
15.36693848 -0.39102717
15.40495193 -0.46865668
15.44296539 -0.53593133
15.48097884 -0.59163387
15.51899229 -0.63479658
15.55700575 -0.66471774
15.59501920 -0.68097234
15.63303265 -0.68341713
15.67104611 -0.67218973
15.70905956 -0.64770210
15.74707301 -0.61062844
15.78508647 -0.56188784
15.82309992 -0.50262233
15.86111337 -0.43417049
15.89912683 -0.35803749
15.93714028 -0.27586224
15.97515373 -0.18938202
16.01316718 -0.10039590
16.05118064 -0.01072722
16.08919409 0.07781374
16.12720754 0.16346647
16.16522100 0.24455517
16.20323445 0.31952150
16.24124790 0.38695454
16.27926136 0.44561720
16.31727481 0.49446857
16.35528826 0.53268219
16.39330172 0.55965938
16.43131517 0.57503784
16.46932862 0.57869529
16.50734208 0.57074808
16.54535553 0.55154504
16.58336898 0.52165657
16.62138244 0.48185944
16.65939589 0.43311767
16.69740934 0.37655979
16.73542280 0.31345315
16.77343625 0.24517595
16.81144970 0.17318721
16.84946316 0.09899589
16.88747661 0.02412934
16.92549006 -0.04989807
16.96350352 -0.12161548
17.00151697 -0.18962458
17.03953042 -0.25262683
17.07754388 -0.30944801
17.11555733 -0.35905980
17.15357078 -0.40059814
17.19158424 -0.43337774
17.22959769 -0.45690270
17.26761114 -0.47087316
17.30562460 -0.47518775
17.34363805 -0.46994194
17.38165150 -0.45542240
17.41966496 -0.43209760
17.45767841 -0.40060483
17.49569186 -0.36173404
17.53370532 -0.31640884
17.57171877 -0.26566520
17.60973222 -0.21062816
17.64774567 -0.15248731
17.68575913 -0.09247127
17.72377258 -0.03182209
17.76178603 0.02823038
17.79979949 0.08649313
17.83781294 0.14183349
17.87582639 0.19320096
17.91383985 0.23964680
17.95185330 0.28034124
17.98986675 0.31458786
18.02788021 0.34183500
18.06589366 0.36168387
18.10390711 0.37389351
18.14192057 0.37838227
18.17993402 0.37522616
18.21794747 0.36465388
18.25596093 0.34703889
18.29397438 0.32288874
18.33198783 0.29283181
18.37000129 0.25760191
18.40801474 0.21802109
18.44602819 0.17498094
18.48404165 0.12942298
18.52205510 0.08231843
18.56006855 0.03464777
18.59808201 -0.01261936
18.63609546 -0.05854355
18.67410891 -0.10223411
18.71212237 -0.14286599
18.75013582 -0.17969499
18.78814927 -0.21207108
18.82616273 -0.23944934
18.86417618 -0.26139860
18.90218963 -0.27760751
18.94020309 -0.28788803
18.97821654 -0.29217632
19.01622999 -0.29053108
19.05424345 -0.28312937
19.09225690 -0.27026023
19.13027035 -0.25231602
19.16828381 -0.22978198
19.20629726 -0.20322409
19.24431071 -0.17327555
19.28232416 -0.14062231
19.32033762 -0.10598778
19.35835107 -0.07011725
19.39636452 -0.03376215
19.43437798 0.00233537
19.47239143 0.03745721
19.51040488 0.07092338
19.54841834 0.10210482
19.58643179 0.13043481
19.62444524 0.15541895
19.66245870 0.17664331
19.70047215 0.19378070
19.73848560 0.20659511
19.77649906 0.21494406
19.81451251 0.21877906
19.85252596 0.21814408
19.89053942 0.21317220
19.92855287 0.20408051
19.96656632 0.19116349
20.00457978 0.17478484
20.04259323 0.15536834
20.08060668 0.13338748
20.11862014 0.10935455
20.15663359 0.08380916
20.19464704 0.05730650
20.23266050 0.03040563
20.27067395 0.00365802
20.30868740 -0.02240345
20.34670086 -0.04727480
20.38471431 -0.07049037
20.42272776 -0.09163121
20.46074122 -0.11033226
20.49875467 -0.12628822
20.53676812 -0.13925807
20.57478158 -0.14906809
20.61279503 -0.15561346
20.65080848 -0.15885840
20.68882194 -0.15883486
20.72683539 -0.15563991
20.76484884 -0.14943184
20.80286230 -0.14042516
20.84087575 -0.12888453
20.87888920 -0.11511794
20.91690266 -0.09946911
20.95491611 -0.08230946
20.99292956 -0.06402973
21.03094301 -0.04503141
21.06895647 -0.02571829
21.10696992 -0.00648818
21.14498337 0.01227501
21.18299683 0.03020868
21.22101028 0.04697818
21.25902373 0.06228282
21.29703719 0.07586090
21.33505064 0.08749383
21.37306409 0.09700920
21.41107755 0.10428288
21.44909100 0.10923998
21.48710445 0.11185485
21.52511791 0.11215002
21.56313136 0.11019420
21.60114481 0.10609942
21.63915827 0.10001735
21.67717172 0.09213494
21.71518517 0.08266950
21.75319863 0.07186322
21.79121208 0.05997753
21.82922553 0.04728709
21.86723899 0.03407376
21.90525244 0.02062068
21.94326589 0.00720642
21.98127935 -0.00590053
22.01929280 -0.01844686
22.05730625 -0.03019911
22.09531971 -0.04094777
22.13333316 -0.05051070
22.17134661 -0.05873593
22.20936007 -0.06550375
22.24737352 -0.07072803
22.28538697 -0.07435682
22.32340043 -0.07637224
22.36141388 -0.07678971
22.39942733 -0.07565643
22.43744079 -0.07304935
22.47545424 -0.06907258
22.51346769 -0.06385431
22.55148115 -0.05754335
22.58949460 -0.05030541
22.62750805 -0.04231908
22.66552150 -0.03377179
22.70353496 -0.02485565
22.74154841 -0.01576337
22.77956186 -0.00668434
